BRF,BRF,BRF,BRF,BRF,BRF,BRF,BRF,BRF,BRF
121.916030534351,124.921787709497,115.042424242424,125.246212121212,123.539393939394,118.052830188679,131.151006711409,125.847457627119,123.951515151515,114.102040816327
124.071698113208,129.512635379061,114.959259259259,114.807407407407,138.111111111111,110.152173913043,119.673228346457,126.264925373134,115.355400696864,138.477777777778
135.955056179775,109.899441340782,117.90303030303,129.014184397163,127.145390070922,122.755319148936,122.606741573034,133.22905027933,121.023166023166,124.139393939394
125.509293680297,119.061016949153,130.449324324324,123.469387755102,122.810606060606,125.36641221374,120.816666666667,122.537878787879,125.384353741497,122.17803030303
127.038043478261,112.052845528455,123.730769230769,112.678787878788,129.6,120.191011235955,114.991803278689,113.198653198653,137.255555555556,129.8
114.063829787234,126.242424242424,124.325581395349,117.090909090909,113.775510204082,127.35687732342,127.181818181818,124.235294117647,129.2,127.829787234043
gam,gam,gam,gam,gam,gam,gam,gam,gam,gam
168,169,164,167,172,174,144,172,165,174
163,149,169,156,168,167,165,152,169,169
169,163,164,174,168,165,167,170,168,169
149,172,167,160,163,163,174,167,174,168
172,168,155,168,149,169,169,168,166,151
168,168,174,168,169,153,165,163,138,159
Linear,Linear,Linear,Linear,Linear,Linear,Linear,Linear,Linear,Linear
170.69696969697,142.62962962963,218.75138121547,132.099173553719,131.460606060606,149.484732824427,222.722222222222,128.512953367876,174.768292682927,155.816479400749
168.624113475177,221.571428571429,135.549450549451,209.140495867769,170.69696969697,170.143396226415,145.388571428571,215.335329341317,136.139455782313,151.254143646409
142.62962962963,168.624113475177,156.674418604651,151.154166666667,158.872727272727,157.780669144981,172.579710144928,152.889221556886,170.530487804878,173.756554307116
221.571428571429,131.460606060606,170.025547445255,200.264705882353,168.624113475177,220.921348314607,141.537190082645,173.088082901554,153.795454545455,134.412408759124
131.460606060606,158.872727272727,206.610256410256,148.021008403361,221.571428571429,135.54609929078,132.4,157.347150259067,160.648936170213,222.253676470588
158.872727272727,170.69696969697,147.664092664093,167.216666666667,142.62962962963,210.45652173913,167.87969924812,177.886010362694,231.463235294118,178.474860335196
True,True,True,True,True,True,True,True,True,True
157.7011745023,126.671492895959,183.533655879549,119.97248253602,102.464735424507,115.333855035867,199.63542274378,103.273718709551,159.425312647534,114.083901465464
163.931957047554,199.394682803792,119.83100912836,198.200785601805,157.7011745023,157.546979453728,139.535079158361,192.725997056924,123.009173853151,129.988679274686
126.671492895959,163.931957047554,153.316502087613,115.478780359375,126.698902518962,154.310837289145,158.93982638372,132.510892007719,168.392177143649,159.011936084925
199.394682803792,102.464735424507,158.030064842943,187.337357956968,163.931957047554,186.989754187214,114.822702589082,172.966127969212,115.081757476396,127.955628014588
102.464735424507,126.698902518962,204.000575057869,134.670303267698,199.394682803792,121.165670754696,107.904458496722,127.50940205263,154.321904468998,196.918669233991
126.698902518962,157.7011745023,115.551341292733,154.777502065996,126.671492895959,204.170281735599,159.595554455685,165.515731037118,200.99314547907,186.765376316193
